  single point
            q1    0.2478765237500000         1.000000         0.000000    
            q5    6.4570740000000000E-05     1.000000         0.000000    
            q9    0.9999718401200000         1.000000         0.000000    
             r    6.6557837149999992E-02     1.000000         0.000000    
            p1    1.0100000000000000E-03     1.000000         0.000000    
            p5    2.2200000000000000E-03     1.000000         0.000000    
            p9    3.3300000000000000E-03     1.000000         0.000000    
            x1    0.2500000000000000         1.000000         0.000000    
            x2   -1.5000000000000000E-02     1.000000         0.000000    
            x3   -4.5000000000000000E-02     1.000000         0.000000    
