  single point
            q1    1.0461623100000000E-03     1.000000         0.000000    
            q5    3.3169724999999996E-05     1.000000         0.000000    
            q9    6.9403395000000008E-05     1.000000         0.000000    
             r    2.2684246000000000E-03     1.000000         0.000000    
            p1    1.0100000000000000E-03     1.000000         0.000000    
            p5    2.2200000000000000E-03     1.000000         0.000000    
            p9    3.3300000000000000E-03     1.000000         0.000000    
            x1    0.2500000000000000         1.000000         0.000000    
            x2   -1.5000000000000000E-02     1.000000         0.000000    
            x3   -4.5000000000000000E-02     1.000000         0.000000    
