  single point
            q1   -2.2290056000000000E-03     1.000000         0.000000    
            q5    2.5413427960000000E-02     1.000000         0.000000    
            q9   -3.0486752000000000E-03     1.000000         0.000000    
             r    1.5563213600000000E-02     1.000000         0.000000    
            p1    1.0100000000000000E-03     5.000000         0.000000    
            p5    2.2200000000000000E-03     1.000000         0.000000    
            p9    3.3300000000000000E-03     1.000000         0.000000    
            x1    6.9420200000000000E-02     1.000000         0.000000    
            x2   -6.1782900000000000E-03     1.000000         0.000000    
            x3    6.2667870000000000E-03     1.000000         0.000000    
