  single point
            q1    0.1125779920500000         1.000000         0.000000    
            q5    7.6656618000000000E-05     1.000000         0.000000    
            q9    0.1122929916600000         1.000000         0.000000    
             r    0.1836782717900000         1.000000         0.000000    
            p1    1.0100000000000000E-03     1.000000         0.000000    
            p5    2.2200000000000000E-03     1.000000         0.000000    
            p9    3.3300000000000000E-03     1.000000         0.000000    
            x1    6.8975505790000000E-02     1.000000         0.000000    
            x2   -9.7681719000000000E-03     1.000000         0.000000    
            x3    6.6560094300000000E-03     1.000000         0.000000    
