point,INTP,COS0,SIN0,COS1,SIN1
0,-14.08144869580955,-13.866124422094137,-13.650800148378714,-13.435475874663297,-13.220151600947894
0,0.7803199149913667,0.2463868045177157,-0.2875463059559386,-0.8214794164295913,-1.3554125269032404
0,0.8982991507727286,0.5382173404897235,0.1781355302067121,-0.1819462800762903,-0.5420280903592931
0,0.9390569875442074,0.6255704321522857,0.3120838767603573,-0.0014026786315617,-0.3148892340234814
0,0.95424392367371,0.6572542069706434,0.3602644902675697,0.0632747735645056,-0.2337149431385592
0,-0.1387488259135544,-0.1400907317270328,-0.1414326375405178,-0.1427745433540007,-0.1441164491674735
0,-0.094604491675833,-0.0938226169972991,-0.0930407423187717,-0.0922588676402423,-0.0914769929617028
0,-0.0405062142484533,-0.0431158544974596,-0.0457254947464723,-0.0483351349954833,-0.0509447752444836
0,0.0125714291949645,0.0277616516321739,0.0429518740693769,0.0581420965065819,0.0733323189437975
0,0.0040580572794506,0.00212839986643,0.0001987424534032,-0.0017309149596216,-0.0036605723726365
0,0.0043048929389637,0.0026567179825478,0.0010085430261256,-0.0006396319302946,-0.0022878068867047
0,0.0044808755450156,0.0030125691908782,0.0015442628367346,7.595648259291058e-05,-0.0013923498715386
0,0.0082771864037434,0.0046646787644328,0.0010521711251158,-0.0025603365141995,-0.0061728441535039
0,0.0126501250696172,0.0105297211074751,0.0084093171453264,0.0062889131831793,0.0041685092210434
0,1.8929273587958703e-05,0.0013631830726499,0.0027074368717055,0.0040516906707631,0.0053959444698308
0,0.0085741863120551,0.0102509996180699,0.0119278129240788,0.0136046262300901,0.0152814395361103
0,0.0451851088310997,0.0492691088531516,0.0533531088751984,0.057437108897249,0.0615211089193053
0,-7.393072546471591e-05,-0.0006564270981948,-0.0012389234709312,-0.0018214198436655,-0.0024039162163898
0,0.0002709802548347,0.0001217334827696,-2.7513289301689e-05,-0.0001767600613708,-0.0003260068334301
0,0.0003061654840919,0.0001930773244985,7.998916489884514e-05,-3.309899469870292e-05,-0.0001461871542862
0,0.0003171233048636,0.0002148499067998,0.0001125765087296,1.030311066170926e-05,-9.197028739631722e-05
0,0.0003192033199828,0.000219237131554,0.0001192709431188,1.93047546859086e-05,-8.066143373711715e-05
0,0.0005243499494433,0.0004293198153565,0.0003342896812635,0.0002392595471724,0.0001442294130914
0,0.0005262928336007,0.000415091885779,0.000303890937951,0.0001926899901249,8.148904230898212e-05
0,0.0005388177623246,0.0004337904755035,0.0003287631886763,0.0002237359018509,0.0001187086150357
0,5.05664125438412e-05,5.9122122447320506e-05,6.767783234454348e-05,7.623354224383841e-05,8.4789252153116e-05
0,6.51683269963516e-06,-8.588347648667618e-06,-2.369352800322654e-05,-3.8798708355712496e-05,-5.3903888698216094e-05
0,1.5037237271743208e-05,7.757460116858619e-06,4.7768295571785e-07,-6.802094203349582e-06,-1.4081871352434525e-05
0,1.6521247396767836e-05,1.061327992557154e-05,4.705312448119055e-06,-1.2026550272600306e-06,-7.110622492656603e-06
0,1.7007597330580965e-05,1.156473933551664e-05,6.121881334196073e-06,6.790233349491205e-07,-4.763834654315355e-06
0,2.2445322612411272e-05,1.808412460465041e-05,1.3722926590634327e-05,9.361728578687672e-06,5.000530576724611e-06
0,2.2239916061317505e-05,1.7568557954777346e-05,1.289719984198203e-05,8.22584173125588e-06,3.554483630513389e-06
0,-0.0001950979406807,-0.000180941754066,-0.0001667855674575,-0.000152629380847,-0.0001384731942265
0,-8.062067645778307e-06,-7.967701837902438e-06,-7.873336036282307e-06,-7.778970232590456e-06,-7.684604418915216e-06
0,5.442166064741356e-06,6.130596827282642e-06,6.8190275835684185e-06,7.507458341924013e-06,8.195889110263819e-06
0,8.430204357207098e-07,-3.607097616606745e-06,-8.057215675189575e-06,-1.2507333731706764e-05,-1.6957451778236265e-05
0,3.560930987726285e-06,1.7498130715526808e-06,-6.130485087641161e-08,-1.8724227712397776e-06,-3.683540681615223e-06
0,3.9631481708425405e-06,2.5256040357383437e-06,1.0880598943786542e-06,-3.494842449152894e-07,-1.787028374221308e-06
0,4.096552181689864e-06,2.7853364646767124e-06,1.4741207414080678e-06,1.6290502020518598e-07,-1.148310691009782e-06
0,4.108946070709296e-06,2.8119976740315394e-06,1.5150492710982895e-06,2.181008702308096e-07,-1.0788475206487626e-06
0,5.003554204060975e-06,3.9447451437884704e-06,2.885936077260504e-06,1.827127012797651e-06,7.683179583232973e-07
0,-9.366272926526076e-07,-9.277063632037544e-07,-9.187854400102288e-07,-9.09864514750988e-07,-9.00943579503912e-07
0,-8.58216720339578e-08,4.301410811425394e-08,1.7184988200710376e-07,3.006856579657049e-07,4.295214439121137e-07
0,-1.345401124389167e-07,-7.242796887024658e-08,-1.0315831556940912e-08,5.1796307822112316e-08,1.1390845718897413e-07
0,-1.4486974888166218e-07,-9.386113560457308e-08,-4.285252858284869e-08,8.156080504622416e-09,5.916469957990263e-08
0,-1.487484959019093e-07,-1.0170458441654503e-07,-5.4660679186545496e-08,-7.616771890799908e-09,3.94271453927553e-08
0,-1.8222447976305762e-07,-1.4562775154984962e-07,-1.0903102959200789e-07,-7.243430556838274e-08,-3.58375715569814e-08
0,-1.8104882121676402e-07,-1.4320317925119093e-07,-1.0535754354098413e-07,-6.751190576499254e-08,-2.9666258001225983e-08
0,-1.8662244612978966e-07,-1.516215445752166e-07,-1.166206492760099e-07,-8.161975191101859e-08,-4.66188445582521e-08
0,6.1798341080198e-07,2.4306249006324984e-07,-1.3185843693080994e-07,-5.067793618594085e-07,-8.817002767999882e-07
0,2.082851663969305e-07,-3.9943456798965597e-08,-2.8817208625022244e-07,-5.364007136358321e-07,-7.846293310335722e-07
0,2.6958103735555178e-08,2.6562099180049242e-08,2.616608836917468e-08,2.577007962407166e-08,2.5374080866751026e-08
0,1.527188386618983e-08,1.5658706340420798e-08,1.60455225592823e-08,1.6432340843913305e-08,1.6819169116326453e-08
0,1.0266319714445887e-09,5.955214319738697e-10,1.6440463713284968e-10,-2.6671009194029646e-10,-6.978148332317043e-10
0,1.077677826153645e-09,7.07899363816122e-10,3.3811464610829846e-10,-3.1668005831646675e-11,-4.0144066998985716e-10
0,1.100385669189051e-09,7.555630113873977e-10,4.1073409821544386e-10,6.59072508113734e-11,-2.789096088109665e-10
0,1.081912270678714e-09,7.081788066213535e-10,3.3443908719369347e-10,-3.929856646611481e-11,-4.1302623234416464e-10
0,1.359667158420254e-09,1.075785345995096e-09,7.91897278199656e-10,5.080112761716798e-10,2.2413526192580247e-10
0,1.3624596449548823e-09,1.0809421162445288e-09,7.994183321638933e-10,5.178966138507235e-10,2.363848833196508e-10
0,1.4145186248486722e-09,1.1569628940475308e-09,8.99400907876108e-10,6.418409874721487e-10,3.8429105485028757e-10
0,-3.962525214640605e-09,-1.6231122240758394e-09,7.162945111184564e-10,3.055703312082702e-09,5.395122100827241e-09
0,-2.2634987882874124e-10,-2.222917977605212e-10,-2.1823997206257303e-10,-2.1418608059688975e-10,-2.1012220134929864e-10
0,-1.8512458503554055e-10,-1.9191227190878303e-10,-1.9870621415229427e-10,-2.0549809062804395e-10,-2.1227997932189422e-10
0,-2.6812810301676533e-11,-7.593489412299143e-12,1.1619576106817214e-11,3.0834707393719045e-11,5.0059826462519606e-11
0,-3.197449694680146e-11,-1.8985451314894675e-11,-6.002661053248957e-12,6.982194976181992e-12,1.9977038787511788e-11
0,-3.360405844990986e-11,-2.2323551460255838e-11,-1.1049299840862904e-11,2.2701754631511815e-13,1.1513322715392102e-11
0,-3.420359105757707e-11,-2.354771527254508e-11,-1.2898094857774172e-11,-2.2464086752183304e-12,8.415265289236599e-12
0,-3.370534523190414e-11,-2.015784508092878e-11,-6.616600300214626e-12,6.926710248289735e-12,2.0480008578688604e-11
0,-4.94224369390829e-11,-3.8912567312296754e-11,-2.8408953055772535e-11,-1.7903273031437587e-11,-7.38760522522593e-12
0,-4.9917014102268187e-11,-3.974939095565573e-11,-2.958802317930519e-11,-1.942458963514405e-11,-9.251168309106083e-12
1,-14.08144869580955,-13.866124422094137,-13.650800148378714,-13.435475874663297,-13.220151600947894
1,0.7803199149913667,0.2463868045177157,-0.2875463059559386,-0.8214794164295913,-1.3554125269032404
1,0.8982991507727286,0.5382173404897235,0.1781355302067121,-0.1819462800762903,-0.5420280903592931
1,0.9390569875442074,0.6255704321522857,0.3120838767603573,-0.0014026786315617,-0.3148892340234814
1,0.95424392367371,0.6572542069706434,0.3602644902675697,0.0632747735645056,-0.2337149431385592
1,-0.1387488259135544,-0.1400907317270328,-0.1414326375405178,-0.1427745433540007,-0.1441164491674735
1,-0.094604491675833,-0.0938226169972991,-0.0930407423187717,-0.0922588676402423,-0.0914769929617028
1,-0.0405062142484533,-0.0431158544974596,-0.0457254947464723,-0.0483351349954833,-0.0509447752444836
1,0.0125714291949645,0.0277616516321739,0.0429518740693769,0.0581420965065819,0.0733323189437975
1,0.0040580572794506,0.00212839986643,0.0001987424534032,-0.0017309149596216,-0.0036605723726365
1,0.0043048929389637,0.0026567179825478,0.0010085430261256,-0.0006396319302946,-0.0022878068867047
1,0.0044808755450156,0.0030125691908782,0.0015442628367346,7.595648259291058e-05,-0.0013923498715386
1,0.0082771864037434,0.0046646787644328,0.0010521711251158,-0.0025603365141995,-0.0061728441535039
1,0.0126501250696172,0.0105297211074751,0.0084093171453264,0.0062889131831793,0.0041685092210434
1,1.8929273587958703e-05,0.0013631830726499,0.0027074368717055,0.0040516906707631,0.0053959444698308
1,0.0085741863120551,0.0102509996180699,0.0119278129240788,0.0136046262300901,0.0152814395361103
1,0.0451851088310997,0.0492691088531516,0.0533531088751984,0.057437108897249,0.0615211089193053
1,-7.393072546471591e-05,-0.0006564270981948,-0.0012389234709312,-0.0018214198436655,-0.0024039162163898
1,0.0002709802548347,0.0001217334827696,-2.7513289301689e-05,-0.0001767600613708,-0.0003260068334301
1,0.0003061654840919,0.0001930773244985,7.998916489884514e-05,-3.309899469870292e-05,-0.0001461871542862
1,0.0003171233048636,0.0002148499067998,0.0001125765087296,1.030311066170926e-05,-9.197028739631722e-05
1,0.0003192033199828,0.000219237131554,0.0001192709431188,1.93047546859086e-05,-8.066143373711715e-05
1,0.0005243499494433,0.0004293198153565,0.0003342896812635,0.0002392595471724,0.0001442294130914
1,0.0005262928336007,0.000415091885779,0.000303890937951,0.0001926899901249,8.148904230898212e-05
1,0.0005388177623246,0.0004337904755035,0.0003287631886763,0.0002237359018509,0.0001187086150357
1,5.05664125438412e-05,5.9122122447320506e-05,6.767783234454348e-05,7.623354224383841e-05,8.4789252153116e-05
1,6.51683269963516e-06,-8.588347648667618e-06,-2.369352800322654e-05,-3.8798708355712496e-05,-5.3903888698216094e-05
1,1.5037237271743208e-05,7.757460116858619e-06,4.7768295571785e-07,-6.802094203349582e-06,-1.4081871352434525e-05
1,1.6521247396767836e-05,1.061327992557154e-05,4.705312448119055e-06,-1.2026550272600306e-06,-7.110622492656603e-06
1,1.7007597330580965e-05,1.156473933551664e-05,6.121881334196073e-06,6.790233349491205e-07,-4.763834654315355e-06
1,2.2445322612411272e-05,1.808412460465041e-05,1.3722926590634327e-05,9.361728578687672e-06,5.000530576724611e-06
1,2.2239916061317505e-05,1.7568557954777346e-05,1.289719984198203e-05,8.22584173125588e-06,3.554483630513389e-06
1,-0.0001950979406807,-0.000180941754066,-0.0001667855674575,-0.000152629380847,-0.0001384731942265
1,-1.1360430234650857e-05,-1.1194494857421332e-05,-1.10285594864476e-05,-1.0862624113401603e-05,-1.069668873037203e-05
1,-7.543553956104372e-07,-2.3743522995687985e-07,2.794849294409513e-07,7.964050909102472e-07,1.3133252623632392e-06
1,-8.737281852137536e-07,-5.234932149425461e-07,-1.7325825092708067e-07,1.769767151598492e-07,5.27211691230472e-07
1,-9.141024750014132e-07,-6.089470691457471e-07,-3.0379166954582625e-07,1.3637321255574859e-09,3.065191437806344e-07
1,-9.289978637975088e-07,-6.39865590506215e-07,-3.507333234706684e-07,-6.160105436366083e-08,2.2753122472704098e-07
1,-1.8737282979701267e-06,-1.6467349587113643e-06,-1.4197416257082636e-06,-1.1927482906335477e-06,-9.657549455752905e-07
1,-6.03355400120635e-08,-6.47944159463022e-08,-6.92532981362945e-08,-7.371217825480378e-08,-7.81710483896761e-08
1,2.59683669887044e-08,2.5337505356441472e-08,2.4706637468428246e-08,2.4075771651897232e-08,2.3444915819003613e-08
1,7.212327800306835e-09,7.705044477532866e-09,8.197754899007064e-09,8.690467391963835e-09,9.183189868557093e-09
1,-2.1834893567195687e-09,-4.8253694736929555e-09,-7.467255846418827e-09,-1.010914014766189e-08,-1.2751014465269291e-08
1,-1.1430053336687572e-10,-1.1135846162555308e-10,-1.0842264563627891e-10,-1.0548475816413179e-10,-1.0253688705652321e-10
1,-9.052581861376882e-11,-6.108915826786033e-11,-3.165875367399807e-11,-2.226277597262005e-12,2.721618211493488e-11
1,-9.142773458214063e-11,-6.298448539235373e-11,-3.4547491954613245e-11,-6.108427033999087e-12,2.234062152207597e-11
1,-1.0952204917617524e-10,-8.767896103881074e-11,-6.584212865348751e-11,-4.400322478528657e-11,-2.2154337281627784e-11
1,-1.1545122091270148e-10,-9.612037915049566e-11,-7.679579314033118e-11,-5.7469135647288935e-11,-3.813249451878892e-11
1,-3.3715751037281855e-13,-2.4035541027578463e-11,-4.774018029683988e-11,-7.144274808322857e-11,-9.513533223416076e-11
1,2.952342257676343e-11,3.1458938405973596e-11,3.338819848315515e-11,3.5319530043211716e-11,3.726084523872841e-11
1,3.961676111296143e-12,3.4263171998138497e-11,6.455841213290718e-11,9.48557237505528e-11,1.2516301900364482e-10
1,-1.0266982330298749e-11,-4.60482098384345e-12,1.0510846105487482e-12,6.709061687817303e-12,1.2377022400535445e-11
1,-1.1502108102474384e-11,-7.250411601270301e-12,-3.004970852129122e-12,1.2425413798883834e-12,5.500037247355556e-12
1,-1.1900643968093598e-11,-8.060693003018074e-12,-4.22699779000545e-12,-3.912310941165188e-13,3.4545192372220977e-12
1,-1.1979455194655149e-11,-8.227910048591884e-12,-4.482620654591538e-12,-7.352597777148997e-13,3.022084734611435e-12
1,-1.871937072799616e-11,-1.5317260291577864e-11,-1.1921405607214986e-11,-8.523479439971615e-12,-5.115569637281438e-12
1,-1.870817426732851e-11,-1.475102895847062e-11,-1.0800139401667291e-11,-6.847178361982983e-12,-2.884233686852197e-12
1,-1.9136673091233792e-11,-1.540333755783245e-11,-1.1676257776485643e-11,-7.947106512257863e-12,-4.207971612583596e-12
1,-2.0893865273304148e-11,-1.7554064415931712e-11,-1.4220519310613384e-11,-1.0884902722413924e-11,-7.539302498768075e-12
1,2.6129295761675503e-11,1.3777354475338149e-11,1.419157436923903e-12,-1.0936968118618845e-11,-2.3283110038709075e-11
1,2.4176775037723223e-11,1.5535397749357975e-11,6.887764708917991e-12,-1.7577968486495374e-12,-1.0393374770765203e-11
1,2.425342291031649e-11,1.649077991903996e-11,8.721881175689282e-12,9.55053915211391e-13,-6.8017897098148825e-12
1,1.8976220788184557e-11,1.5296699073620647e-11,1.16109216069837e-11,7.92721562321913e-12,4.253493274906786e-12
1,1.857190842259648e-11,1.467498901359464e-11,1.077181385251967e-11,6.8707101743169936e-12,2.97959013156661e-12
1,1.1660847613172265e-11,1.0816943021174884e-11,9.966782677113227e-12,9.11869381592842e-12,8.28058859019276e-12
1,7.118769181852709e-12,7.035861012184492e-12,6.946697090460426e-12,6.859604651617985e-12,6.782495848220451e-12
1,-4.5313177030987377e-11,-5.1047373115207476e-11,-5.6787824951408655e-11,-6.25262053046891e-11,-6.825460202255594e-11
1,3.539327137036124e-12,-1.5076865224837973e-11,-3.369931333882306e-11,-5.231968996995138e-11,-7.09300829656126e-11
1,1.6498407779826276e-11,8.11251223920167e-12,-2.796390535406445e-13,-8.669718863425967e-12,-1.7049815037842536e-11
1,1.840457855692221e-11,1.1731777901201486e-11,5.052721493362825e-12,-1.624263431618633e-12,-8.291264721131401e-12
1,1.9029943698428248e-11,1.2940714626876266e-11,6.845229803206317e-12,7.518164623936765e-13,-5.3316132429503524e-12
1,1.9085988837344536e-11,1.306115154486736e-11,7.030058500272219e-12,1.001036938534419e-12,-5.018000987734801e-12
1,2.334921555526432e-11,1.8412310292577088e-11,1.3469149277771182e-11,8.528059745820101e-12,3.596953849340414e-12
1,-4.1979576710161426e-12,-4.157744660104861e-12,-4.123787401308945e-12,-4.087758659656207e-12,-4.0417462825348695e-12
1,-3.7507163502070966e-13,2.064336518261705e-13,7.816831865574121e-13,1.359004204145516e-12,1.9463088572021168e-12
1,-5.955645588656985e-13,-3.159530746463318e-13,-4.2597342542602993e-14,2.3282987241795295e-13,5.182407228470189e-13
1,-6.425776853933916e-13,-4.134957660196578e-13,-1.906695987615624e-13,3.422805135335417e-14,2.691093369367845e-13
1,-6.607046591245981e-13,-4.5015046120860054e-13,-2.458520154082413e-13,-3.9482086751064524e-14,1.768714773746291e-13
1,-7.989516432363397e-13,-6.315327879027997e-13,-4.70369684684885e-13,-3.071350986100151e-13,-1.3391687706677494e-13
1,-7.962332834327239e-13,-6.259265738880953e-13,-4.618756164590916e-13,-2.9575317617312976e-13,-1.1964710041880074e-13
1,-8.219554354663535e-13,-6.647763084873959e-13,-5.13852933624063e-13,-3.6085807590377463e-13,-1.978795827151169e-13
1,2.711561848600919e-12,1.0687036098437544e-12,-5.804103810292742e-13,-2.227452889045996e-12,-3.864511761593551e-12
1,9.111784995013952e-13,-1.752168442355374e-13,-1.26786794008816e-12,-2.358447553084236e-12,-3.439043530611572e-12
1,1.1695920565602465e-13,1.1611857480258737e-13,1.0902219183353594e-13,1.0399729172135109e-13,1.0895602707758983e-13
1,8.36301074027693e-14,8.502209338312862e-14,8.015832724787385e-14,7.736604396947769e-14,8.455739615950556e-14
1,1.5678079870046015e-14,1.3168402098341476e-14,4.402972211023202e-15,-2.290974819448738e-15,9.987136185036225e-16
1,1.5517201279606972e-14,1.2814226358527996e-14,3.855499321835286e-15,-3.031744858011113e-15,6.464643056680763e-17
1,1.4926547768302274e-14,1.1574447625611061e-14,1.9665953673061064e-15,-5.569774034152682e-15,-3.1225079671870174e-15
1,1.2026364146428873e-14,4.135486462773285e-15,-1.0011143336496483e-14,-2.2086290278924943e-14,-2.417780175292402e-14
1,3.290143576933662e-14,3.176348947866164e-14,2.4369791072369488e-14,1.9047575522891815e-14,2.370899544187134e-14
1,3.100272853404189e-14,2.8257224770205404e-14,1.9255968890751702e-14,1.2326195868111306e-14,1.5380058313929244e-14
1,3.1044526389592203e-14,2.8318261415625012e-14,1.93362443260406e-14,1.2425710093269503e-14,1.5498811328956742e-14
1,-9.43158674942501e-14,-3.6496406098822044e-14,1.506730318099964e-14,6.870249531766811e-14,1.323213229227601e-13
1,-3.1119162884420243e-15,-2.300912868911039e-15,-7.745661564997188e-15,-1.1118927404265104e-14,-4.508557775078305e-15
1,2.5093744424633625e-15,1.841499016052501e-15,-5.082128525975092e-15,-9.934273211181591e-15,-4.802782427934391e-15
1,1.0524056588837123e-14,1.1172810334103044e-14,5.565811963752222e-15,2.0302964502239688e-15,8.478416405149167e-15
1,9.838720607398427e-15,9.660257959706931e-15,3.2260431963986867e-15,-1.1366887100870425e-15,4.48421485188071e-15
1,9.330338394394298e-15,8.618854652200015e-15,1.6516187943889858e-15,-3.244134206599592e-15,1.843748260865361e-15
1,8.449510349850809e-15,6.820323924782461e-15,-1.0646146159026477e-15,-6.878070299765549e-15,-2.707890515174696e-15
1,6.772239947805582e-15,-4.591169451352018e-15,-2.2210330966128176e-14,-3.7758009624099404e-14,-4.3322052813599686e-14
1,4.3610830800427176e-14,3.9367188221025126e-14,2.886779352599919e-14,2.0439881687733385e-14,2.199560531798429e-14
1,4.2331365309466e-14,3.720233498194429e-14,2.5817552538798703e-14,1.6504252952412834e-14,1.7174588834544075e-14
2,-14.08144869580955,-13.866124422094137,-13.650800148378714,-13.435475874663297,-13.220151600947894
2,0.7803199149913667,0.2463868045177157,-0.2875463059559386,-0.8214794164295913,-1.3554125269032404
2,0.8982991507727286,0.5382173404897235,0.1781355302067121,-0.1819462800762903,-0.5420280903592931
2,0.9390569875442074,0.6255704321522857,0.3120838767603573,-0.0014026786315617,-0.3148892340234814
2,0.95424392367371,0.6572542069706434,0.3602644902675697,0.0632747735645056,-0.2337149431385592
2,-0.1387488259135544,-0.1400907317270328,-0.1414326375405178,-0.1427745433540007,-0.1441164491674735
2,-0.094604491675833,-0.0938226169972991,-0.0930407423187717,-0.0922588676402423,-0.0914769929617028
2,-0.0405062142484533,-0.0431158544974596,-0.0457254947464723,-0.0483351349954833,-0.0509447752444836
2,0.0125714291949645,0.0277616516321739,0.0429518740693769,0.0581420965065819,0.0733323189437975
2,0.0040580572794506,0.00212839986643,0.0001987424534032,-0.0017309149596216,-0.0036605723726365
2,0.0043048929389637,0.0026567179825478,0.0010085430261256,-0.0006396319302946,-0.0022878068867047
2,0.0044808755450156,0.0030125691908782,0.0015442628367346,7.595648259291058e-05,-0.0013923498715386
2,0.0082771864037434,0.0046646787644328,0.0010521711251158,-0.0025603365141995,-0.0061728441535039
2,0.0126501250696172,0.0105297211074751,0.0084093171453264,0.0062889131831793,0.0041685092210434
2,1.8929273587958703e-05,0.0013631830726499,0.0027074368717055,0.0040516906707631,0.0053959444698308
2,0.0085741863120551,0.0102509996180699,0.0119278129240788,0.0136046262300901,0.0152814395361103
2,0.0451851088310997,0.0492691088531516,0.0533531088751984,0.057437108897249,0.0615211089193053
2,-7.393072546471591e-05,-0.0006564270981948,-0.0012389234709312,-0.0018214198436655,-0.0024039162163898
2,0.0002709802548347,0.0001217334827696,-2.7513289301689e-05,-0.0001767600613708,-0.0003260068334301
2,0.0003061654840919,0.0001930773244985,7.998916489884514e-05,-3.309899469870292e-05,-0.0001461871542862
2,0.0003171233048636,0.0002148499067998,0.0001125765087296,1.030311066170926e-05,-9.197028739631722e-05
2,0.0003192033199828,0.000219237131554,0.0001192709431188,1.93047546859086e-05,-8.066143373711715e-05
2,0.0005243499494433,0.0004293198153565,0.0003342896812635,0.0002392595471724,0.0001442294130914
2,0.0005262928336007,0.000415091885779,0.000303890937951,0.0001926899901249,8.148904230898212e-05
2,0.0005388177623246,0.0004337904755035,0.0003287631886763,0.0002237359018509,0.0001187086150357
2,5.05664125438412e-05,5.9122122447320506e-05,6.767783234454348e-05,7.623354224383841e-05,8.4789252153116e-05
2,6.51683269963516e-06,-8.588347648667618e-06,-2.369352800322654e-05,-3.8798708355712496e-05,-5.3903888698216094e-05
2,1.5037237271743208e-05,7.757460116858619e-06,4.7768295571785e-07,-6.802094203349582e-06,-1.4081871352434525e-05
2,1.6521247396767836e-05,1.061327992557154e-05,4.705312448119055e-06,-1.2026550272600306e-06,-7.110622492656603e-06
2,1.7007597330580965e-05,1.156473933551664e-05,6.121881334196073e-06,6.790233349491205e-07,-4.763834654315355e-06
2,2.2445322612411272e-05,1.808412460465041e-05,1.3722926590634327e-05,9.361728578687672e-06,5.000530576724611e-06
2,2.2239916061317505e-05,1.7568557954777346e-05,1.289719984198203e-05,8.22584173125588e-06,3.554483630513389e-06
2,-0.0001950979406807,-0.000180941754066,-0.0001667855674575,-0.000152629380847,-0.0001384731942265
2,-8.062067645778307e-06,-7.967701837902438e-06,-7.873336036282307e-06,-7.778970232590456e-06,-7.684604418915216e-06
2,5.442166064741356e-06,6.130596827282642e-06,6.8190275835684185e-06,7.507458341924013e-06,8.195889110263819e-06
2,8.430204357207098e-07,-3.607097616606745e-06,-8.057215675189575e-06,-1.2507333731706764e-05,-1.6957451778236265e-05
2,3.560930987726285e-06,1.7498130715526808e-06,-6.130485087641161e-08,-1.8724227712397776e-06,-3.683540681615223e-06
2,3.9631481708425405e-06,2.5256040357383437e-06,1.0880598943786542e-06,-3.494842449152894e-07,-1.787028374221308e-06
2,4.096552181689864e-06,2.7853364646767124e-06,1.4741207414080678e-06,1.6290502020518598e-07,-1.148310691009782e-06
2,4.108946070709296e-06,2.8119976740315394e-06,1.5150492710982895e-06,2.181008702308096e-07,-1.0788475206487626e-06
2,5.003554204060975e-06,3.9447451437884704e-06,2.885936077260504e-06,1.827127012797651e-06,7.683179583232973e-07
2,-9.366272926526076e-07,-9.277063632037544e-07,-9.187854400102288e-07,-9.09864514750988e-07,-9.00943579503912e-07
2,-8.58216720339578e-08,4.301410811425394e-08,1.7184988200710376e-07,3.006856579657049e-07,4.295214439121137e-07
2,-1.345401124389167e-07,-7.242796887024658e-08,-1.0315831556940912e-08,5.1796307822112316e-08,1.1390845718897413e-07
2,-1.4486974888166218e-07,-9.386113560457308e-08,-4.285252858284869e-08,8.156080504622416e-09,5.916469957990263e-08
2,-1.487484959019093e-07,-1.0170458441654503e-07,-5.4660679186545496e-08,-7.616771890799908e-09,3.94271453927553e-08
2,-1.8222447976305762e-07,-1.4562775154984962e-07,-1.0903102959200789e-07,-7.243430556838274e-08,-3.58375715569814e-08
2,-1.8104882121676402e-07,-1.4320317925119093e-07,-1.0535754354098413e-07,-6.751190576499254e-08,-2.9666258001225983e-08
2,-1.8662244612978966e-07,-1.516215445752166e-07,-1.166206492760099e-07,-8.161975191101859e-08,-4.66188445582521e-08
2,6.1798341080198e-07,2.4306249006324984e-07,-1.3185843693080994e-07,-5.067793618594085e-07,-8.817002767999882e-07
2,2.082851663969305e-07,-3.9943456798965597e-08,-2.8817208625022244e-07,-5.364007136358321e-07,-7.846293310335722e-07
2,2.6958103735555178e-08,2.6562099180049242e-08,2.616608836917468e-08,2.577007962407166e-08,2.5374080866751026e-08
2,1.527188386618983e-08,1.5658706340420798e-08,1.60455225592823e-08,1.6432340843913305e-08,1.6819169116326453e-08
2,1.0266319714445887e-09,5.955214319738697e-10,1.6440463713284968e-10,-2.6671009194029646e-10,-6.978148332317043e-10
2,1.077677826153645e-09,7.07899363816122e-10,3.3811464610829846e-10,-3.1668005831646675e-11,-4.0144066998985716e-10
2,1.100385669189051e-09,7.555630113873977e-10,4.1073409821544386e-10,6.59072508113734e-11,-2.789096088109665e-10
2,1.081912270678714e-09,7.081788066213535e-10,3.3443908719369347e-10,-3.929856646611481e-11,-4.1302623234416464e-10
2,1.359667158420254e-09,1.075785345995096e-09,7.91897278199656e-10,5.080112761716798e-10,2.2413526192580247e-10
2,1.3624596449548823e-09,1.0809421162445288e-09,7.994183321638933e-10,5.178966138507235e-10,2.363848833196508e-10
2,1.4145186248486722e-09,1.1569628940475308e-09,8.99400907876108e-10,6.418409874721487e-10,3.8429105485028757e-10
2,-3.962525214640605e-09,-1.6231122240758394e-09,7.162945111184564e-10,3.055703312082702e-09,5.395122100827241e-09
2,-2.2634987882874124e-10,-2.222917977605212e-10,-2.1823997206257303e-10,-2.1418608059688975e-10,-2.1012220134929864e-10
2,-1.8512458503554055e-10,-1.9191227190878303e-10,-1.9870621415229427e-10,-2.0549809062804395e-10,-2.1227997932189422e-10
2,-2.6812810301676533e-11,-7.593489412299143e-12,1.1619576106817214e-11,3.0834707393719045e-11,5.0059826462519606e-11
2,-3.197449694680146e-11,-1.8985451314894675e-11,-6.002661053248957e-12,6.982194976181992e-12,1.9977038787511788e-11
2,-3.360405844990986e-11,-2.2323551460255838e-11,-1.1049299840862904e-11,2.2701754631511815e-13,1.1513322715392102e-11
2,-3.420359105757707e-11,-2.354771527254508e-11,-1.2898094857774172e-11,-2.2464086752183304e-12,8.415265289236599e-12
2,-3.370534523190414e-11,-2.015784508092878e-11,-6.616600300214626e-12,6.926710248289735e-12,2.0480008578688604e-11
2,-4.94224369390829e-11,-3.8912567312296754e-11,-2.8408953055772535e-11,-1.7903273031437587e-11,-7.38760522522593e-12
2,-4.9917014102268187e-11,-3.974939095565573e-11,-2.958802317930519e-11,-1.942458963514405e-11,-9.251168309106083e-12
