  single point
            q1   -0.1133666724000000         1.000000         0.000000    
            q2     0.000000000000000         1.000000         0.000000    
            q3     0.000000000000000         1.000000         0.000000    
            q4     0.000000000000000         1.000000         0.000000    
            q5   -2.6917509900000000E-02     1.000000         0.000000    
            q6     0.000000000000000         1.000000         0.000000    
            q7     0.000000000000000         1.000000         0.000000    
            q8     0.000000000000000         1.000000         0.000000    
            q9    0.4978666946200000         1.000000         0.000000    
             r    0.1234000000000000         1.000000         0.000000    
            p1    5.0000000000000000E-04     1.000000         0.000000    
            p2     0.000000000000000         1.000000         0.000000    
            p3     0.000000000000000         1.000000         0.000000    
            p4     0.000000000000000         1.000000         0.000000    
            p5    1.0000000000000000E-04     1.000000         0.000000    
            p6     0.000000000000000         1.000000         0.000000    
            p7     0.000000000000000         1.000000         0.000000    
            p8     0.000000000000000         1.000000         0.000000    
            p9    5.0000000000000000E-05     1.000000         0.000000    
            x1    0.5000000000000000         1.000000         0.000000    
            x2   -4.0000000000000000E-02     1.000000         0.000000    
            x3   -4.0000000000000000E-02     1.000000         0.000000    
