point,INTP,COS0,SIN0,z
0,0.1539584624188922,-0.0366855842557959,-0.0877435088836157,0.0
0,0.124201168902112,-0.0419750224492178,-0.1016751237398804,0.0
0,0.107508268082777,-0.0344598708982348,-0.1103606121794302,0.0
0,0.1017766824407322,-0.0328578606407,-0.1130447965730115,0.0
0,0.0980821453715106,-0.0317943254715465,-0.1146509304386775,0.0
0,0.1638500123862596,-0.0538270268150798,-0.0883076036192301,0.1363250017166137
0,0.1071475569775006,-0.0318067592021302,-0.1088167412951506,0.0
0,0.0908463848608007,-0.0246387323314242,-0.1139937923473295,0.0
0,0.0840413086694377,-0.0213263405970889,-0.115820792396493,0.0
0,0.0793487501571771,-0.0188464008133378,-0.1168289895957864,0.0
0,0.0750171759897236,-0.0164018220883829,-0.1175102808336226,0.0
0,0.070643503141034,-0.0138039256544682,-0.1179319217874344,0.0
0,0.0896113135915927,0.0141078166552263,-0.1032027400361982,0.0
0,0.082600199913383,0.021224805914954,-0.1031725756877446,0.0
0,0.1514505910638353,-0.013216647302232,-0.1015752461732637,0.1348949968814849
0,0.0879278598626008,0.0130449380030364,-0.1001645612822493,0.0
0,0.0694917770972264,0.0205080919760354,-0.0986295490699457,0.0
0,0.0618916896225334,0.0236194760524702,-0.0975005935634098,0.0
0,0.1355436433253724,-0.0067868625850136,-0.1133263642756421,0.1362424939870834
0,0.0698611316131032,0.0202596731781748,-0.0948665918728591,0.0
0,0.0510732342207394,0.0278760021936426,-0.0883585200381167,0.0
0,0.0434422324196584,0.0308786126762209,-0.0852267865438482,0.0
0,0.1181707069910873,0.0027780596076784,-0.120538853821518,0.1407250016927719
0,0.1171956964508918,0.0019417681353302,-0.1217687509581778,0.0
0,0.1178819975335355,0.0019385260336218,-0.1209612692772535,0.0
0,0.1185789786371676,0.0017469200286462,-0.1201826995344965,0.0
0,0.1190731431612119,0.0015575911163414,-0.119660191984824,0.0
0,0.1193020855771998,0.0014545106950327,-0.1194334835401689,0.0
0,0.1192456598172889,0.0014829110039565,-0.1194851313388992,0.0
0,0.1188922332759121,0.0016766683943313,-0.1197798123034551,0.0
