point,INTP,COS0,SIN0,z
0,0.2011938492067867,-0.0049477905168357,-0.0671853637370897,0.1363249999999999
0,0.1069718897238254,0.0346614567471994,-0.0973669626967825,0.0
0,0.097036850678569,0.0392712528033449,-0.0998162439718445,0.0
0,0.1749565617103416,-0.0020729252644279,-0.0895761281628031,0.134895
0,0.167438688978187,0.0030285769796722,-0.087592223144407,0.1362425
0,0.0760076642056769,0.0546756869924211,-0.0686425570095925,0.0
0,0.1516049982112729,0.0147860782503148,-0.093311307671785,0.140725
0,0.0615487051084466,0.0571910587863882,-0.0529514196056271,0.0
0,0.1377215458991683,0.0274375855796459,-0.0953416946904217,0.1408074999999999
0,0.0466090850109577,0.0538528399055748,-0.0364610030481847,0.0
0,0.1215133080387361,0.0408924277312826,-0.0899378676366164,0.1370675
0,0.031863399794099,0.0448972365068601,-0.0220539828755435,0.0
0,0.0220648604467278,0.0440139894867954,-0.0144624374326505,0.0
0,0.0139474670910398,0.0383559350303562,-0.0064734850844773,0.0
0,0.0101536523350009,0.0367895182054589,-0.0040382768935383,0.0
0,0.0032132104084064,0.029917664385374,-0.000391991982394,0.0
0,6.370228777208015e-05,0.0279384751936188,0.0007744006556477,0.0
0,-0.0027507850025122,0.0260178065185416,0.0015058665398027,0.0
0,-0.0053500625951839,0.024079199588834,0.0018763607501334,0.0
