point,INTP,COS0,SIN0,z
0,0.3477453706070218,0.019289469002642,-0.1797503240966495,0.0498925
0,0.3664322936843789,0.0052527192491259,-0.1665896506403266,0.245005
0,0.2855911782932594,0.0915019975862221,-0.1926885932903508,0.0499475
0,0.2540854411086391,0.129734418623946,-0.1876846081961933,0.0498649999999999
0,0.2322561391064317,0.1547997655398086,-0.1735486143658604,0.0532199999999999
0,0.2086016746950363,0.1758246277724431,-0.1485937271049848,0.0536875
0,0.1821985777380523,0.1888258094298028,-0.1137779135808446,0.0533299999999999
0,0.129315986410618,0.1590548114996182,-0.0281712938521224,0.0510749999999999
0,0.0870422089492298,0.1015814796659684,-0.002982423841412,0.1076699999999999
